   5.6737232e-01
   5.7489634e-01
   5.7795191e-01
   5.7757622e-01
   5.7695723e-01
   5.7767522e-01
   5.7863659e-01
   5.7848638e-01
   5.7779771e-01
   5.7821739e-01
   5.8014143e-01
   5.8225447e-01
   5.8340245e-01
   5.8405066e-01
   5.8537996e-01
   5.8745277e-01
   5.8906585e-01
   5.8939224e-01
   5.8899409e-01
   5.8876419e-01
   5.8836383e-01
   5.8648700e-01
   5.8272940e-01
   5.7851738e-01
   5.7571882e-01
   5.7465351e-01
   5.7403284e-01
   5.7279819e-01
   5.7138193e-01
   5.7084388e-01
   5.7127416e-01
   5.7173795e-01
   5.7173234e-01
   5.7194436e-01
   5.7312888e-01
   5.7470357e-01
   5.7519770e-01
   5.7409638e-01
   5.7251376e-01
   5.7160276e-01
   5.7081503e-01
   5.6853884e-01
   5.6441796e-01
   5.6012291e-01
   5.5723453e-01
   5.5495179e-01
   5.5093473e-01
   5.4444420e-01
   5.3737962e-01
   5.3104258e-01
   5.2220005e-01
   5.0380862e-01
   4.7057369e-01
   4.2342684e-01
   3.6791739e-01
   3.0885002e-01
   2.4820976e-01
   1.8920673e-01
   1.4098698e-01
   1.1667030e-01
   1.2486853e-01
   1.6296998e-01
   2.1926151e-01
   2.8152931e-01
   3.4319547e-01
   4.0185252e-01
   4.5422292e-01
   4.9497956e-01
   5.2096355e-01
   5.3504330e-01
   5.4423666e-01
   5.5384052e-01
   5.6403852e-01
   5.7218206e-01
   5.7721037e-01
   5.8085293e-01
   5.8495617e-01
   5.8903015e-01
   5.9115487e-01
   5.9066319e-01
   5.8893931e-01
   5.8754379e-01
   5.8642513e-01
   5.8454269e-01
   5.8178824e-01
   5.7946587e-01
   5.7874769e-01
   5.7927722e-01
   5.7973564e-01
   5.7948172e-01
   5.7909733e-01
   5.7937366e-01
   5.8033842e-01
   5.8156419e-01
   5.8297879e-01
   5.8477402e-01
   5.8656102e-01
   5.8723027e-01
   5.8601189e-01
   5.8338833e-01
   5.8054680e-01
   5.7805061e-01
   5.7552546e-01
   5.7270581e-01
   5.7019472e-01
   5.6868643e-01
   5.6774104e-01
   5.6609786e-01
   5.6343013e-01
   5.6115985e-01
   5.6090051e-01
   5.6232303e-01
   5.6334305e-01
   5.6263435e-01
   5.6122822e-01
   5.6092978e-01
   5.6152153e-01
   5.6059229e-01
   5.5643380e-01
   5.5005026e-01
   5.4301715e-01
   5.3339839e-01
   5.1514393e-01
   4.8264721e-01
   4.3569705e-01
   3.7922081e-01
   3.1852061e-01
   2.5637537e-01
   1.9592002e-01
   1.4532989e-01
   1.1705241e-01
   1.2035218e-01
   1.5428779e-01
   2.0858094e-01
   2.7138403e-01
   3.3568245e-01
   3.9851716e-01
   4.5606205e-01
   5.0199491e-01
   5.3161687e-01
   5.4648930e-01
   5.5354083e-01
   5.5927587e-01
   5.6537408e-01
   5.6989491e-01
   5.7160908e-01
   5.7200438e-01
   5.7325870e-01
   5.7558811e-01
   5.7750225e-01
   5.7824856e-01
   5.7896769e-01
   5.8113021e-01
   5.8451259e-01
   5.8739156e-01
   5.8857507e-01
   5.8858603e-01
   5.8862776e-01
   5.8888739e-01
   5.8839113e-01
   5.8642787e-01
   5.8357680e-01
   5.8108050e-01
   5.7950139e-01
   5.7835644e-01
   5.7699096e-01
   5.7542574e-01
   5.7419908e-01
   5.7367128e-01
   5.7380897e-01
   5.7457209e-01
   5.7612544e-01
   5.7846254e-01
   5.8101600e-01
   5.8295482e-01
   5.8392030e-01
   5.8427501e-01
   5.8451718e-01
   5.8459973e-01
   5.8402574e-01
   5.8258432e-01
   5.8075106e-01
   5.7922345e-01
   5.7817823e-01
   5.7718831e-01
   5.7587880e-01
   5.7447249e-01
   5.7357168e-01
   5.7352835e-01
   5.7423413e-01
   5.7551086e-01
   5.7743794e-01
   5.8006930e-01
   5.8292919e-01
   5.8509928e-01
   5.8598536e-01
   5.8587557e-01
   5.8555275e-01
   5.8537972e-01
   5.8496779e-01
   5.8380014e-01
   5.8194482e-01
   5.7990724e-01
   5.7788348e-01
   5.7554668e-01
   5.7276982e-01
   5.7029456e-01
   5.6924731e-01
   5.6990504e-01
   5.7126272e-01
   5.7208115e-01
   5.7220024e-01
   5.7248247e-01
   5.7349324e-01
   5.7467324e-01
   5.7507581e-01
   5.7458115e-01
   5.7383764e-01
   5.7301062e-01
   5.7123864e-01
   5.6782085e-01
   5.6358385e-01
   5.6026393e-01
   5.5831414e-01
   5.5600137e-01
   5.5135298e-01
   5.4465091e-01
   5.3788859e-01
   5.3114986e-01
   5.2014703e-01
   4.9841833e-01
   4.6230477e-01
   4.1335237e-01
   3.5589367e-01
   2.9359123e-01
   2.2991866e-01
   1.7201251e-01
   1.3195613e-01
   1.2160866e-01
   1.4473355e-01
   1.9419724e-01
   2.5715557e-01
   3.2286039e-01
   3.8567093e-01
   4.4214553e-01
   4.8784962e-01
   5.1873982e-01
   5.3526086e-01
   5.4334569e-01
   5.5015945e-01
   5.5884713e-01
   5.6772614e-01
   5.7411855e-01
   5.7795769e-01
   5.8134514e-01
   5.8547062e-01
   5.8911967e-01
   5.9040093e-01
   5.8917171e-01
   5.8713198e-01
   5.8577651e-01
   5.8493567e-01
   5.8351284e-01
   5.8115250e-01
   5.7869262e-01
   5.7710445e-01
   5.7648921e-01
   5.7630998e-01
   5.7628626e-01
   5.7669270e-01
   5.7782722e-01
   5.7951742e-01
   5.8129501e-01
   5.8285952e-01
   5.8416528e-01
   5.8514422e-01
   5.8559960e-01
   5.8544707e-01
   5.8486444e-01
   5.8403057e-01
   5.8280331e-01
   5.8087778e-01
   5.7831740e-01
   5.7576418e-01
   5.7397556e-01
   5.7320619e-01
   5.7317430e-01
   5.7358879e-01
   5.7449186e-01
   5.7597089e-01
   5.7771212e-01
   5.7914072e-01
   5.8008558e-01
   5.8109617e-01
   5.8286464e-01
   5.8532804e-01
   5.8751380e-01
   5.8835036e-01
   5.8754140e-01
   5.8559310e-01
   5.8315879e-01
   5.8061075e-01
   5.7823753e-01
   5.7650602e-01
   5.7578444e-01
   5.7584268e-01
   5.7595271e-01
   5.7566953e-01
   5.7534730e-01
   5.7565421e-01
   5.7665801e-01
   5.7771629e-01
   5.7836676e-01
   5.7899493e-01
   5.8024287e-01
   5.8184385e-01
   5.8252066e-01
   5.8130366e-01
   5.7867575e-01
   5.7599896e-01
   5.7388699e-01
   5.7165170e-01
   5.6857359e-01
   5.6522858e-01
   5.6291634e-01
   5.6185293e-01
   5.6070101e-01
   5.5836618e-01
   5.5573601e-01
   5.5472082e-01
   5.5547512e-01
   5.5552071e-01
   5.5241942e-01
   5.4680806e-01
   5.4140168e-01
   5.3631389e-01
   5.2618766e-01
   5.0329852e-01
   4.6390402e-01
   4.1100207e-01
   3.5078144e-01
   2.8766406e-01
   2.2437972e-01
   1.6673724e-01
   1.2601942e-01
   1.1402292e-01
   1.3464075e-01
   1.8076053e-01
   2.3987779e-01
   3.0240718e-01
   3.6436915e-01
   4.2338556e-01
   4.7465178e-01
   5.1256257e-01
   5.3580248e-01
   5.4909807e-01
   5.5898970e-01
   5.6832945e-01
   5.7552737e-01
   5.7861459e-01
   5.7867026e-01
   5.7869971e-01
   5.8007222e-01
   5.8133978e-01
   5.8069628e-01
   5.7860237e-01
   5.7724291e-01
   5.7783437e-01
   5.7941443e-01
   5.8048004e-01
   5.8104050e-01
   5.8236682e-01
   5.8498615e-01
   5.8773464e-01
   5.8907187e-01
   5.8880889e-01
   5.8801788e-01
   5.8746225e-01
   5.8675468e-01
   5.8521253e-01
   5.8298111e-01
   5.8079869e-01
   5.7888049e-01
   5.7667822e-01
   5.7391906e-01
   5.7136440e-01
   5.7005239e-01
   5.6999779e-01
   5.7022643e-01
   5.7018179e-01
   5.7050908e-01
   5.7196933e-01
   5.7392240e-01
   5.7465738e-01
   5.7342547e-01
   5.7151210e-01
   5.7070297e-01
   5.7096267e-01
   5.7040137e-01
   5.6769377e-01
   5.6375140e-01
   5.6031966e-01
   5.5735981e-01
   5.5293900e-01
   5.4600602e-01
   5.3811949e-01
   5.3100747e-01
   5.2237731e-01
   5.0553066e-01
   4.7436249e-01
   4.2864275e-01
   3.7365887e-01
   3.1496069e-01
   2.5503755e-01
   1.9630754e-01
   1.4641434e-01
   1.1798112e-01
   1.2101142e-01
   1.5513197e-01
   2.0984736e-01
   2.7243483e-01
   3.3510357e-01
   3.9488846e-01
   4.4875494e-01
   4.9145988e-01
   5.1915693e-01
   5.3384721e-01
   5.4251474e-01
   5.5135304e-01
   5.6138432e-01
   5.6986308e-01
   5.7497501e-01
   5.7808220e-01
   5.8157098e-01
   5.8580983e-01
   5.8911759e-01
   5.9026420e-01
   5.8995271e-01
   5.8958042e-01
   5.8930928e-01
   5.8807600e-01
   5.8530241e-01
   5.8187145e-01
   5.7919163e-01
   5.7778537e-01
   5.7721269e-01
   5.7708865e-01
   5.7756203e-01
   5.7869571e-01
   5.7992983e-01
   5.8061928e-01
   5.8091182e-01
   5.8159685e-01
   5.8299148e-01
   5.8436394e-01
   5.8470672e-01
   5.8381146e-01
   5.8221793e-01
   5.8024961e-01
   5.7764250e-01
   5.7431895e-01
   5.7104862e-01
   5.6878233e-01
   5.6741947e-01
   5.6583208e-01
   5.6337166e-01
   5.6090069e-01
   5.5980098e-01
   5.6014037e-01
   5.6051153e-01
   5.5990845e-01
   5.5909890e-01
   5.5941170e-01
   5.6039548e-01
   5.5968302e-01
   5.5565351e-01
   5.4942065e-01
   5.4292428e-01
   5.3479815e-01
   5.1916748e-01
   4.8966542e-01
   4.4474807e-01
   3.8858134e-01
   3.2697767e-01
   2.6382834e-01
   2.0259346e-01
   1.5052944e-01
   1.1906300e-01
   1.1780690e-01
   1.4753234e-01
   1.9943132e-01
   2.6150066e-01
   3.2542184e-01
   3.8755220e-01
   4.4491577e-01
   4.9249759e-01
   5.2558416e-01
   5.4408962e-01
   5.5324388e-01
   5.5943900e-01
   5.6564945e-01
   5.7096303e-01
   5.7378930e-01
   5.7453525e-01
   5.7505089e-01
   5.7636273e-01
   5.7782030e-01
   5.7843012e-01
   5.7835644e-01
   5.7873243e-01
   5.8029765e-01
   5.8266681e-01
   5.8492637e-01
   5.8656299e-01
   5.8763087e-01
   5.8827448e-01
   5.8843446e-01
   5.8800554e-01
   5.8699381e-01
   5.8538598e-01
   5.8307076e-01
   5.8014095e-01
   5.7723051e-01
   5.7527858e-01
   5.7477707e-01
   5.7532084e-01
   5.7602632e-01
   5.7638234e-01
   5.7659107e-01
   5.7711828e-01
   5.7811469e-01
   5.7941151e-01
   5.8093411e-01
   5.8281970e-01
   5.8499211e-01
   5.8678854e-01
   5.8728415e-01
   5.8610320e-01
   5.8381724e-01
   5.8144605e-01
   5.7959616e-01
   5.7816672e-01
   5.7684189e-01
   5.7567227e-01
   5.7503104e-01
   5.7509160e-01
   5.7557219e-01
   5.7609504e-01
   5.7666373e-01
   5.7761228e-01
   5.7910508e-01
   5.8088267e-01
   5.8259737e-01
   5.8423567e-01
   5.8595639e-01
   5.8750308e-01
   5.8804733e-01
   5.8687544e-01
   5.8419865e-01
   5.8107305e-01
   5.7845479e-01
   5.7649732e-01
   5.7486814e-01
   5.7351518e-01
   5.7275772e-01
   5.7260013e-01
   5.7237124e-01
   5.7141995e-01
   5.7005900e-01
   5.6940019e-01
   5.7010514e-01
   5.7160866e-01
   5.7284766e-01
   5.7350469e-01
   5.7401544e-01
   5.7433671e-01
   5.7339072e-01
   5.7034206e-01
   5.6614083e-01
   5.6289995e-01
   5.6133294e-01
   5.5943251e-01
   5.5452555e-01
   5.4650885e-01
   5.3794920e-01
   5.3018057e-01
   5.1974005e-01
   4.9976632e-01
   4.6538067e-01
   4.1729385e-01
   3.6005902e-01
   2.9803070e-01
   2.3475336e-01
   1.7654100e-01
   1.3463925e-01
   1.2106255e-01
   1.4073512e-01
   1.8776834e-01
   2.4983269e-01
   3.1596401e-01
   3.8005421e-01
   4.3819049e-01
   4.8538190e-01
   5.1702493e-01
   5.3342533e-01
   5.4104948e-01
   5.4783422e-01
   5.5714267e-01
   5.6669873e-01
   5.7304096e-01
   5.7595813e-01
   5.7817966e-01
   5.8167881e-01
   5.8558190e-01
   5.8788723e-01
   5.8821684e-01
   5.8800137e-01
   5.8826715e-01
   5.8825511e-01
   5.8664238e-01
   5.8354390e-01
   5.8057404e-01
   5.7896984e-01
   5.7829159e-01
   5.7730484e-01
   5.7575321e-01
   5.7471305e-01
   5.7520688e-01
   5.7695502e-01
   5.7879078e-01
   5.8004785e-01
   5.8112198e-01
   5.8264893e-01
   5.8449686e-01
   5.8582509e-01
   5.8598036e-01
   5.8505130e-01
   5.8354264e-01
   5.8179229e-01
   5.7988507e-01
   5.7796580e-01
   5.7632238e-01
   5.7507557e-01
   5.7398176e-01
   5.7275105e-01
   5.7154369e-01
   5.7099175e-01
   5.7165235e-01
   5.7348186e-01
   5.7589018e-01
   5.7824618e-01
   5.8025962e-01
   5.8191532e-01
   5.8319491e-01
   5.8397144e-01
   5.8414024e-01
   5.8374590e-01
   5.8293831e-01
   5.8185101e-01
   5.8055770e-01
   5.7910842e-01
   5.7754648e-01
   5.7589918e-01
   5.7423621e-01
   5.7279623e-01
   5.7201082e-01
   5.7228202e-01
   5.7364112e-01
   5.7562166e-01
   5.7753670e-01
   5.7895994e-01
   5.7998961e-01
   5.8105463e-01
   5.8244824e-01
   5.8400279e-01
   5.8516836e-01
   5.8539146e-01
   5.8447427e-01
   5.8266753e-01
   5.8049047e-01
   5.7844561e-01
   5.7680959e-01
   5.7558399e-01
   5.7460260e-01
   5.7372570e-01
   5.7300377e-01
   5.7270062e-01
   5.7313734e-01
   5.7445753e-01
   5.7648867e-01
   5.7881016e-01
   5.8097017e-01
   5.8267665e-01
   5.8383417e-01
   5.8445150e-01
   5.8454996e-01
   5.8415705e-01
   5.8335114e-01
   5.8226055e-01
   5.8098733e-01
   5.7952929e-01
   5.7780939e-01
   5.7582563e-01
   5.7381028e-01
   5.7224053e-01
   5.7162982e-01
   5.7221198e-01
   5.7374895e-01
   5.7564920e-01
   5.7735050e-01
   5.7868612e-01
   5.7992673e-01
   5.8144152e-01
   5.8326340e-01
   5.8494377e-01
   5.8583480e-01
   5.8555645e-01
   5.8424699e-01
   5.8241481e-01
   5.8056670e-01
   5.7894325e-01
   5.7752311e-01
   5.7620221e-01
   5.7495201e-01
   5.7387692e-01
   5.7319993e-01
   5.7320660e-01
   5.7412094e-01
   5.7593149e-01
   5.7829750e-01
   5.8067250e-01
   5.8260185e-01
   5.8395171e-01
   5.8486986e-01
   5.8553123e-01
   5.8593649e-01
   5.8593994e-01
   5.8541977e-01
   5.8436209e-01
   5.8279461e-01
   5.8073086e-01
   5.7827950e-01
   5.7581955e-01
   5.7397270e-01
   5.7327360e-01
   5.7378995e-01
   5.7507068e-01
   5.7650590e-01
   5.7777756e-01
   5.7899106e-01
   5.8040702e-01
   5.8208638e-01
   5.8380002e-01
   5.8523726e-01
   5.8623672e-01
   5.8678794e-01
   5.8684438e-01
   5.8620834e-01
   5.8466452e-01
   5.8226228e-01
   5.7947081e-01
   5.7702488e-01
   5.7554799e-01
   5.7522297e-01
   5.7574594e-01
   5.7657784e-01
   5.7729983e-01
   5.7783163e-01
   5.7840186e-01
   5.7933903e-01
   5.8084863e-01
   5.8288878e-01
   5.8516175e-01
   5.8718354e-01
   5.8842057e-01
   5.8848733e-01
   5.8734089e-01
   5.8534467e-01
   5.8310950e-01
   5.8117712e-01
   5.7976162e-01
   5.7873374e-01
   5.7784551e-01
   5.7699466e-01
   5.7631618e-01
   5.7605469e-01
   5.7635885e-01
   5.7718647e-01
   5.7838827e-01
   5.7986224e-01
   5.8161074e-01
   5.8362347e-01
   5.8569103e-01
   5.8735502e-01
   5.8810246e-01
   5.8768600e-01
   5.8630407e-01
   5.8446747e-01
   5.8266121e-01
   5.8108985e-01
   5.7970119e-01
   5.7839441e-01
   5.7717103e-01
   5.7611167e-01
   5.7529294e-01
   5.7480067e-01
   5.7481235e-01
   5.7556885e-01
   5.7717353e-01
   5.7940269e-01
   5.8176416e-01
   5.8379114e-01
   5.8528680e-01
   5.8628136e-01
   5.8678865e-01
   5.8666861e-01
   5.8576053e-01
   5.8412725e-01
   5.8212334e-01
   5.8020514e-01
   5.7866579e-01
   5.7752156e-01
   5.7659531e-01
   5.7569492e-01
   5.7478499e-01
   5.7409078e-01
   5.7405847e-01
   5.7510996e-01
   5.7729250e-01
   5.8010828e-01
   5.8274978e-01
   5.8460367e-01
   5.8558452e-01
   5.8600223e-01
   5.8613259e-01
   5.8595616e-01
   5.8529562e-01
   5.8411360e-01
   5.8258396e-01
   5.8088285e-01
   5.7901955e-01
   5.7696295e-01
   5.7491285e-01
   5.7334310e-01
   5.7270819e-01
   5.7311201e-01
   5.7429022e-01
   5.7588822e-01
   5.7770169e-01
   5.7964706e-01
   5.8158791e-01
   5.8328527e-01
   5.8453208e-01
   5.8527267e-01
   5.8554989e-01
   5.8537024e-01
   5.8467805e-01
   5.8346015e-01
   5.8181745e-01
   5.7990086e-01
   5.7782298e-01
   5.7570946e-01
   5.7383901e-01
   5.7264400e-01
   5.7246882e-01
   5.7328749e-01
   5.7470095e-01
   5.7625532e-01
   5.7778341e-01
   5.7943159e-01
   5.8136219e-01
   5.8344489e-01
   5.8523840e-01
   5.8626592e-01
   5.8632368e-01
   5.8557504e-01
   5.8438694e-01
   5.8306092e-01
   5.8165407e-01
   5.8001208e-01
   5.7798880e-01
   5.7569933e-01
   5.7359648e-01
   5.7226729e-01
   5.7207823e-01
   5.7294858e-01
   5.7444894e-01
   5.7613254e-01
   5.7780695e-01
   5.7952142e-01
   5.8132809e-01
   5.8308148e-01
   5.8447087e-01
   5.8523202e-01
   5.8532339e-01
   5.8490646e-01
   5.8417118e-01
   5.8317125e-01
   5.8180904e-01
   5.7996839e-01
   5.7769692e-01
   5.7530487e-01
   5.7330686e-01
   5.7222044e-01
   5.7231855e-01
   5.7348537e-01
   5.7527941e-01
   5.7718277e-01
   5.7887006e-01
   5.8031398e-01
   5.8166361e-01
   5.8302146e-01
   5.8431631e-01
   5.8535719e-01
   5.8596647e-01
   5.8603579e-01
   5.8547014e-01
   5.8415115e-01
   5.8204097e-01
   5.7936418e-01
   5.7665247e-01
   5.7453555e-01
   5.7340878e-01
   5.7325971e-01
   5.7378495e-01
   5.7466090e-01
   5.7571709e-01
   5.7692266e-01
   5.7829171e-01
   5.7983565e-01
   5.8154422e-01
   5.8331692e-01
   5.8488739e-01
   5.8588207e-01
   5.8604777e-01
   5.8544558e-01
   5.8437276e-01
   5.8305800e-01
   5.8146435e-01
   5.7945091e-01
   5.7713306e-01
   5.7501388e-01
   5.7368529e-01
   5.7338732e-01
   5.7389069e-01
   5.7480764e-01
   5.7596183e-01